python q1.py '2020-09-16T05:00:00.000Z'
[-124.2,40.4]: 1
[-124.2,40.6]: 1
[-124.2,40.7]: 9
[-124.2,41.7]: 1
[-124.1,40.4]: 1
[-124.1,40.5]: 1
[-124.1,40.6]: 1
[-124.1,40.7]: 17
[-124.1,40.9]: 1
[-124.1,41.0]: 1
[-124.1,41.5]: 1
[-124.1,41.7]: 1
[-124.1,41.8]: 40
[-124.0,40.0]: 1
[-124.0,40.4]: 2
[-124.0,40.6]: 2
[-124.0,40.8]: 33
[-124.0,40.9]: 9
[-124.0,41.0]: 3
[-124.0,41.9]: 1
[-123.9,40.1]: 1
[-123.9,40.9]: 1
[-123.9,41.2]: 1
[-123.9,41.4]: 1
[-123.9,41.6]: 1
[-123.9,41.8]: 1
[-123.8,39.4]: 1
[-123.8,40.1]: 1
[-123.8,40.8]: 1
[-123.8,41.4]: 1
[-123.8,41.8]: 1
[-123.7,39.3]: 1
[-123.7,39.4]: 1
[-123.7,39.5]: 2
[-123.7,40.1]: 1
[-123.7,41.1]: 1
[-123.6,39.0]: 1
[-123.6,39.4]: 1
[-123.6,39.6]: 1
[-123.6,41.0]: 1
[-123.6,41.1]: 1
[-123.6,41.4]: 1
[-123.6,41.6]: 1
[-123.5,38.7]: 1
[-123.5,40.4]: 2
[-123.5,41.9]: 1
[-123.4,39.3]: 1
[-123.4,39.5]: 1
[-123.4,39.7]: 1
[-123.4,40.3]: 1
[-123.3,39.3]: 1
[-123.3,39.4]: 2
[-123.3,39.6]: 1
[-123.3,39.9]: 1
[-123.3,40.5]: 1
[-123.2,38.7]: 1
[-123.2,39.1]: 10
[-123.2,39.2]: 3
[-123.2,39.4]: 1
[-123.2,39.7]: 1
[-123.2,39.8]: 1
[-123.1,38.6]: 1
[-123.1,38.9]: 1
[-123.1,39.0]: 1
[-123.1,39.2]: 1
[-123.1,39.6]: 1
[-123.0,38.4]: 1
[-123.0,38.7]: 2
[-123.0,38.8]: 1
[-123.0,40.2]: 1
[-123.0,41.8]: 1
[-122.9,38.3]: 1
[-122.9,38.6]: 2
[-122.9,38.7]: 1
[-122.9,38.8]: 1
[-122.9,41.5]: 3
[-122.8,38.4]: 2
[-122.8,38.5]: 16
[-122.8,38.6]: 1
[-122.8,38.8]: 1
[-122.8,38.9]: 1
[-122.8,39.0]: 1
[-122.8,39.1]: 1
[-122.8,39.5]: 1
[-122.8,40.6]: 1
[-122.8,40.7]: 1
[-122.7,37.9]: 1
[-122.7,38.3]: 16
[-122.7,38.4]: 143
[-122.7,38.5]: 8
[-122.7,38.8]: 3
[-122.7,39.1]: 1
[-122.6,38.1]: 1
[-122.6,38.2]: 24
[-122.6,38.3]: 67
[-122.6,38.4]: 19
[-122.6,38.5]: 1
[-122.6,38.8]: 2
[-122.6,39.0]: 2
[-122.6,39.4]: 1
[-122.6,41.2]: 1
[-122.6,41.3]: 1
[-122.6,41.7]: 1
[-122.6,41.9]: 1
[-122.5,37.7]: 2
[-122.5,37.8]: 21
[-122.5,37.9]: 98
[-122.5,38.0]: 96
[-122.5,38.1]: 21
[-122.5,38.2]: 11
[-122.5,38.4]: 1
[-122.5,38.9]: 1
[-122.5,39.0]: 1
[-122.5,39.3]: 3
[-122.5,40.1]: 1
[-122.5,40.3]: 1
[-122.5,41.8]: 1
[-122.4,37.4]: 11
[-122.4,37.5]: 5
[-122.4,37.6]: 218
[-122.4,37.7]: 433
[-122.4,37.8]: 22
[-122.4,37.9]: 64
[-122.4,38.0]: 7
[-122.4,38.1]: 1
[-122.4,38.2]: 1
[-122.4,38.3]: 1
[-122.4,38.5]: 2
[-122.4,40.4]: 1
[-122.4,40.5]: 2
[-122.4,40.6]: 3
[-122.4,40.9]: 1
[-122.3,37.5]: 23
[-122.3,37.7]: 92
[-122.3,37.8]: 59
[-122.3,37.9]: 105
[-122.3,38.0]: 4
[-122.3,38.2]: 33
[-122.3,38.3]: 10
[-122.3,38.9]: 1
[-122.3,39.8]: 1
[-122.3,39.9]: 1
[-122.3,40.0]: 1
[-122.3,40.3]: 11
[-122.3,40.4]: 1
[-122.3,40.5]: 23
[-122.3,40.6]: 31
[-122.3,41.0]: 1
[-122.3,41.3]: 1
[-122.3,41.4]: 1
[-122.2,37.4]: 33
[-122.2,37.5]: 142
[-122.2,37.7]: 127
[-122.2,37.8]: 174
[-122.2,37.9]: 27
[-122.2,38.0]: 66
[-122.2,38.1]: 36
[-122.2,38.2]: 21
[-122.2,38.3]: 10
[-122.2,39.3]: 1
[-122.2,39.6]: 1
[-122.2,39.9]: 1
[-122.2,40.1]: 1
[-122.2,40.2]: 1
[-122.2,40.3]: 9
[-122.2,40.4]: 3
[-122.2,40.7]: 1
[-122.2,41.2]: 1
[-122.1,37.1]: 2
[-122.1,37.3]: 14
[-122.1,37.4]: 184
[-122.1,37.5]: 3
[-122.1,37.6]: 101
[-122.1,37.7]: 104
[-122.1,37.8]: 63
[-122.1,37.9]: 7
[-122.1,38.0]: 48
[-122.1,38.2]: 1
[-122.1,38.4]: 1
[-122.1,39.2]: 1
[-122.1,39.3]: 1
[-122.1,39.7]: 2
[-122.1,39.9]: 1
[-122.1,40.3]: 12
[-122.1,40.5]: 2
[-122.1,41.5]: 1
[-122.1,41.7]: 1
[-122.1,41.8]: 1
[-122.0,36.9]: 3
[-122.0,37.0]: 23
[-122.0,37.1]: 2
[-122.0,37.2]: 31
[-122.0,37.3]: 342
[-122.0,37.4]: 23
[-122.0,37.5]: 209
[-122.0,37.6]: 276
[-122.0,37.7]: 33
[-122.0,37.8]: 64
[-122.0,37.9]: 257
[-122.0,38.0]: 1
[-122.0,38.1]: 1
[-122.0,38.2]: 58
[-122.0,38.3]: 8
[-122.0,38.4]: 1
[-122.0,38.6]: 3
[-122.0,39.0]: 1
[-122.0,39.3]: 1
[-122.0,39.7]: 1
[-122.0,39.8]: 1
[-122.0,41.9]: 1
[-121.9,36.5]: 8
[-121.9,36.6]: 24
[-121.9,36.9]: 32
[-121.9,37.0]: 10
[-121.9,37.1]: 2
[-121.9,37.2]: 149
[-121.9,37.3]: 401
[-121.9,37.4]: 202
[-121.9,37.5]: 231
[-121.9,37.6]: 1
[-121.9,37.7]: 134
[-121.9,37.8]: 98
[-121.9,37.9]: 17
[-121.9,38.0]: 35
[-121.9,38.1]: 1
[-121.9,38.2]: 13
[-121.9,38.3]: 146
[-121.9,38.5]: 10
[-121.9,38.6]: 1
[-121.9,38.8]: 1
[-121.9,40.2]: 3
[-121.9,40.9]: 1
[-121.9,41.0]: 1
[-121.9,41.9]: 1
[-121.8,36.6]: 35
[-121.8,36.9]: 1
[-121.8,37.2]: 354
[-121.8,37.3]: 529
[-121.8,37.4]: 70
[-121.8,37.6]: 55
[-121.8,37.7]: 141
[-121.8,37.8]: 20
[-121.8,37.9]: 22
[-121.8,38.0]: 21
[-121.8,38.2]: 1
[-121.8,38.3]: 1
[-121.8,38.4]: 2
[-121.8,39.3]: 2
[-121.8,39.6]: 1
[-121.8,39.7]: 147
[-121.8,40.1]: 1
[-121.8,41.9]: 1
[-121.7,36.4]: 4
[-121.7,36.5]: 13
[-121.7,36.6]: 77
[-121.7,36.8]: 14
[-121.7,36.9]: 36
[-121.7,37.0]: 5
[-121.7,37.1]: 1
[-121.7,37.2]: 105
[-121.7,37.3]: 21
[-121.7,37.6]: 5
[-121.7,37.7]: 10
[-121.7,37.8]: 3
[-121.7,37.9]: 23
[-121.7,38.0]: 11
[-121.7,38.4]: 1
[-121.7,38.5]: 263
[-121.7,38.6]: 82
[-121.7,38.8]: 1
[-121.7,39.2]: 1
[-121.7,39.3]: 1
[-121.7,39.6]: 1
[-121.7,39.7]: 13
[-121.7,41.0]: 1
[-121.7,41.1]: 1
[-121.7,41.2]: 1
[-121.6,36.5]: 16
[-121.6,36.6]: 249
[-121.6,36.7]: 139
[-121.6,36.8]: 16
[-121.6,37.0]: 15
[-121.6,37.1]: 15
[-121.6,37.6]: 1
[-121.6,37.8]: 12
[-121.6,37.9]: 14
[-121.6,38.0]: 1
[-121.6,38.5]: 8
[-121.6,39.0]: 1
[-121.6,39.1]: 57
[-121.6,39.3]: 3
[-121.6,39.4]: 1
[-121.6,39.6]: 1
[-121.6,39.7]: 1
[-121.6,40.8]: 1
[-121.5,36.7]: 1
[-121.5,36.9]: 10
[-121.5,37.0]: 32
[-121.5,37.1]: 18
[-121.5,37.7]: 1
[-121.5,37.8]: 1
[-121.5,37.9]: 1
[-121.5,38.4]: 12
[-121.5,38.5]: 103
[-121.5,38.6]: 81
[-121.5,39.0]: 1
[-121.5,39.1]: 21
[-121.5,39.5]: 13
[-121.5,39.6]: 1
[-121.5,39.8]: 1
[-121.5,39.9]: 1
[-121.5,40.7]: 1
[-121.5,40.9]: 1
[-121.4,36.4]: 3
[-121.4,36.5]: 9
[-121.4,36.7]: 1
[-121.4,37.0]: 1
[-121.4,37.2]: 1
[-121.4,37.6]: 10
[-121.4,37.7]: 53
[-121.4,37.9]: 1
[-121.4,38.0]: 1
[-121.4,38.2]: 9
[-121.4,38.3]: 11
[-121.4,38.4]: 144
[-121.4,38.5]: 261
[-121.4,38.6]: 79
[-121.4,39.0]: 5
[-121.4,39.4]: 2
[-121.4,39.6]: 1
[-121.4,39.7]: 1
[-121.4,40.1]: 1
[-121.4,40.7]: 1
[-121.4,41.5]: 1
[-121.4,41.7]: 1
[-121.4,41.9]: 1
[-121.3,36.4]: 121
[-121.3,36.7]: 1
[-121.3,36.8]: 11
[-121.3,36.9]: 1
[-121.3,37.7]: 53
[-121.3,37.8]: 10
[-121.3,37.9]: 141
[-121.3,38.0]: 125
[-121.3,38.3]: 11
[-121.3,38.4]: 44
[-121.3,38.5]: 113
[-121.3,38.6]: 117
[-121.3,38.7]: 117
[-121.3,38.8]: 101
[-121.3,39.4]: 2
[-121.3,39.5]: 1
[-121.3,39.6]: 2
[-121.3,40.5]: 1
[-121.3,41.8]: 1
[-121.2,36.3]: 1
[-121.2,36.6]: 1
[-121.2,36.7]: 1
[-121.2,37.7]: 22
[-121.2,37.8]: 50
[-121.2,37.9]: 28
[-121.2,38.0]: 29
[-121.2,38.1]: 5
[-121.2,38.3]: 1
[-121.2,38.5]: 53
[-121.2,38.6]: 130
[-121.2,38.7]: 138
[-121.2,38.8]: 120
[-121.2,39.0]: 1
[-121.2,39.1]: 1
[-121.2,40.2]: 2
[-121.2,40.3]: 1
[-121.2,40.7]: 1
[-121.2,41.2]: 1
[-121.1,36.2]: 22
[-121.1,37.4]: 3
[-121.1,37.7]: 4
[-121.1,37.8]: 17
[-121.1,37.9]: 8
[-121.1,38.0]: 12
[-121.1,38.6]: 205
[-121.1,38.7]: 16
[-121.1,38.8]: 4
[-121.1,38.9]: 32
[-121.1,39.1]: 9
[-121.1,39.2]: 2
[-121.1,39.6]: 1
[-121.1,40.5]: 1
[-121.1,40.7]: 1
[-121.0,35.5]: 3
[-121.0,35.8]: 1
[-121.0,36.1]: 1
[-121.0,37.3]: 2
[-121.0,37.6]: 25
[-121.0,37.7]: 8
[-121.0,38.2]: 1
[-121.0,38.4]: 3
[-121.0,38.5]: 8
[-121.0,38.6]: 31
[-121.0,38.7]: 9
[-121.0,38.8]: 3
[-121.0,38.9]: 1
[-121.0,39.1]: 2
[-121.0,39.2]: 13
[-121.0,39.7]: 1
[-121.0,39.8]: 1
[-121.0,40.3]: 1
[-121.0,40.4]: 1
[-121.0,40.5]: 1
[-121.0,40.7]: 1
[-121.0,41.1]: 1
[-120.9,37.2]: 1
[-120.9,37.3]: 2
[-120.9,37.5]: 33
[-120.9,37.6]: 97
[-120.9,37.7]: 1
[-120.9,37.8]: 1
[-120.9,37.9]: 1
[-120.9,38.1]: 2
[-120.9,38.2]: 1
[-120.9,38.3]: 60
[-120.9,38.5]: 2
[-120.9,38.6]: 2
[-120.9,39.1]: 1
[-120.9,39.3]: 1
[-120.9,39.9]: 1
[-120.9,40.2]: 1
[-120.9,41.2]: 1
[-120.9,41.5]: 1
[-120.8,35.2]: 3
[-120.8,35.3]: 21
[-120.8,35.8]: 1
[-120.8,35.9]: 2
[-120.8,36.8]: 1
[-120.8,37.0]: 21
[-120.8,37.3]: 1
[-120.8,37.4]: 2
[-120.8,37.5]: 41
[-120.8,37.6]: 1
[-120.8,37.7]: 1
[-120.8,38.1]: 2
[-120.8,38.4]: 1
[-120.8,38.5]: 4
[-120.8,38.6]: 7
[-120.8,38.7]: 1
[-120.8,38.8]: 1
[-120.8,38.9]: 1
[-120.8,39.5]: 1
[-120.8,40.5]: 1
[-120.8,40.6]: 1
[-120.8,40.9]: 1
[-120.8,41.4]: 1
[-120.7,35.1]: 1
[-120.7,35.2]: 6
[-120.7,35.4]: 1
[-120.7,35.5]: 2
[-120.7,35.7]: 1
[-120.7,36.1]: 1
[-120.7,36.9]: 1
[-120.7,37.2]: 1
[-120.7,37.5]: 1
[-120.7,38.3]: 1
[-120.7,38.5]: 1
[-120.7,38.8]: 1
[-120.7,39.3]: 1
[-120.7,39.7]: 1
[-120.7,40.1]: 1
[-120.7,40.2]: 2
[-120.7,40.4]: 1
[-120.7,40.6]: 1
[-120.7,40.9]: 1
[-120.6,34.7]: 1
[-120.6,35.1]: 3
[-120.6,35.2]: 65
[-120.6,35.3]: 151
[-120.6,35.4]: 11
[-120.6,35.6]: 15
[-120.6,36.6]: 1
[-120.6,37.2]: 1
[-120.6,37.9]: 1
[-120.6,38.3]: 1
[-120.6,38.8]: 1
[-120.6,38.9]: 1
[-120.6,39.3]: 1
[-120.6,40.3]: 1
[-120.6,40.8]: 1
[-120.6,41.9]: 1
[-120.5,34.6]: 32
[-120.5,34.9]: 20
[-120.5,35.0]: 3
[-120.5,35.1]: 2
[-120.5,35.4]: 1
[-120.5,36.6]: 2
[-120.5,37.3]: 52
[-120.5,37.4]: 1
[-120.5,37.8]: 41
[-120.5,37.9]: 2
[-120.5,38.1]: 1
[-120.5,38.7]: 3
[-120.5,39.3]: 3
[-120.5,39.9]: 1
[-120.5,40.2]: 1
[-120.5,40.3]: 6
[-120.5,40.4]: 86
[-120.5,40.5]: 1
[-120.5,40.9]: 1
[-120.5,41.0]: 1
[-120.5,41.4]: 1
[-120.5,41.5]: 1
[-120.4,34.6]: 39
[-120.4,34.8]: 13
[-120.4,34.9]: 43
[-120.4,35.0]: 1
[-120.4,35.6]: 1
[-120.4,36.5]: 1
[-120.4,36.8]: 10
[-120.4,37.2]: 80
[-120.4,37.3]: 74
[-120.4,37.9]: 1
[-120.4,38.1]: 2
[-120.4,38.4]: 1
[-120.4,39.0]: 1
[-120.4,39.3]: 1
[-120.4,39.8]: 3
[-120.4,41.1]: 1
[-120.3,35.4]: 1
[-120.3,35.5]: 1
[-120.3,35.6]: 1
[-120.3,36.1]: 1
[-120.3,36.2]: 4
[-120.3,36.7]: 21
[-120.3,36.9]: 1
[-120.3,37.0]: 2
[-120.3,37.6]: 1
[-120.3,37.8]: 1
[-120.3,38.2]: 2
[-120.3,38.5]: 1
[-120.3,38.9]: 1
[-120.3,39.2]: 1
[-120.3,40.2]: 1
[-120.3,40.3]: 1
[-120.2,34.7]: 1
[-120.2,34.8]: 1
[-120.2,36.1]: 80
[-120.2,36.3]: 1
[-120.2,36.5]: 1
[-120.2,37.0]: 1
[-120.2,37.1]: 23
[-120.2,37.8]: 1
[-120.2,38.0]: 1
[-120.2,38.3]: 1
[-120.2,38.8]: 1
[-120.2,39.3]: 1
[-120.2,39.5]: 1
[-120.2,39.6]: 1
[-120.2,41.8]: 1
[-120.1,34.5]: 1
[-120.1,34.6]: 1
[-120.1,34.7]: 1
[-120.1,34.9]: 1
[-120.1,35.9]: 90
[-120.1,36.0]: 3
[-120.1,36.5]: 1
[-120.1,36.9]: 3
[-120.1,37.0]: 67
[-120.1,37.1]: 45
[-120.1,37.7]: 1
[-120.1,38.0]: 1
[-120.1,39.3]: 1
[-120.1,39.6]: 2
[-120.1,39.8]: 1
[-120.1,40.1]: 8
[-120.0,34.4]: 2
[-120.0,34.6]: 1
[-120.0,35.2]: 1
[-120.0,35.6]: 2
[-120.0,36.0]: 2
[-120.0,36.1]: 2
[-120.0,36.2]: 10
[-120.0,36.3]: 1
[-120.0,36.4]: 1
[-120.0,36.7]: 2
[-120.0,36.8]: 1
[-120.0,36.9]: 100
[-120.0,37.0]: 2
[-120.0,37.4]: 1
[-120.0,38.2]: 1
[-120.0,38.8]: 1
[-120.0,38.9]: 12
[-120.0,39.2]: 10
[-120.0,40.1]: 3
[-119.9,35.3]: 1
[-119.9,35.9]: 1
[-119.9,36.7]: 1
[-119.9,36.8]: 1
[-119.9,37.0]: 1
[-119.9,37.4]: 1
[-119.9,38.2]: 1
[-119.9,38.9]: 2
[-119.8,34.4]: 171
[-119.8,35.0]: 1
[-119.8,35.8]: 1
[-119.8,36.1]: 1
[-119.8,36.2]: 23
[-119.8,36.3]: 4
[-119.8,36.7]: 140
[-119.8,36.8]: 82
[-119.8,37.5]: 1
[-119.7,34.4]: 92
[-119.7,34.5]: 1
[-119.7,35.3]: 1
[-119.7,36.2]: 1
[-119.7,36.3]: 12
[-119.7,36.6]: 4
[-119.7,36.7]: 261
[-119.7,36.8]: 294
[-119.6,34.4]: 44
[-119.6,35.3]: 2
[-119.6,35.5]: 2
[-119.6,35.7]: 1
[-119.6,36.3]: 24
[-119.6,36.4]: 1
[-119.6,36.5]: 20
[-119.6,36.8]: 1
[-119.6,37.3]: 29
[-119.6,37.4]: 1
[-119.6,37.7]: 1
[-119.5,34.4]: 1
[-119.5,35.0]: 1
[-119.5,35.5]: 1
[-119.5,35.6]: 1
[-119.5,36.0]: 181
[-119.5,36.5]: 3
[-119.5,36.6]: 41
[-119.5,36.7]: 1
[-119.5,37.3]: 1
[-119.5,37.7]: 1
[-119.4,34.3]: 1
[-119.4,35.1]: 2
[-119.4,35.4]: 1
[-119.4,35.5]: 90
[-119.4,36.4]: 1
[-119.4,36.5]: 12
[-119.4,36.6]: 23
[-119.4,37.0]: 1
[-119.3,34.2]: 8
[-119.3,34.3]: 12
[-119.3,35.0]: 1
[-119.3,35.1]: 41
[-119.3,35.2]: 2
[-119.3,35.5]: 11
[-119.3,35.7]: 150
[-119.3,36.0]: 1
[-119.3,36.1]: 10
[-119.3,36.2]: 19
[-119.3,36.3]: 19
[-119.3,36.4]: 19
[-119.3,36.5]: 14
[-119.3,36.6]: 12
[-119.3,36.7]: 1
[-119.2,34.1]: 2
[-119.2,34.2]: 105
[-119.2,34.3]: 20
[-119.2,34.4]: 4
[-119.2,35.4]: 3
[-119.2,35.5]: 1
[-119.2,35.6]: 30
[-119.2,35.7]: 71
[-119.2,35.8]: 1
[-119.2,36.3]: 7
[-119.2,36.4]: 1
[-119.2,36.5]: 10
[-119.1,34.1]: 35
[-119.1,34.2]: 75
[-119.1,34.3]: 1
[-119.1,34.8]: 1
[-119.1,35.0]: 1
[-119.1,35.2]: 12
[-119.1,35.3]: 44
[-119.1,35.4]: 1
[-119.1,35.5]: 12
[-119.1,35.6]: 1
[-119.1,35.9]: 1
[-119.1,36.1]: 1
[-119.1,36.2]: 2
[-119.1,36.3]: 1
[-119.0,34.2]: 71
[-119.0,34.3]: 31
[-119.0,34.7]: 2
[-119.0,35.0]: 2
[-119.0,35.2]: 47
[-119.0,35.3]: 227
[-119.0,35.4]: 6
[-119.0,35.5]: 8
[-119.0,36.0]: 2
[-119.0,36.1]: 3
[-119.0,36.2]: 2
[-119.0,36.4]: 1
[-119.0,36.8]: 1
[-119.0,37.6]: 1
[-118.9,34.1]: 108
[-118.9,34.2]: 38
[-118.9,34.3]: 1
[-118.9,34.4]: 2
[-118.9,34.8]: 1
[-118.9,35.0]: 1
[-118.9,35.2]: 11
[-118.9,35.3]: 105
[-118.9,35.4]: 43
[-118.9,35.5]: 1
[-118.9,35.6]: 1
[-118.9,36.7]: 1
[-118.9,37.6]: 6
[-118.9,37.7]: 2
[-118.8,34.0]: 2
[-118.8,34.1]: 132
[-118.8,34.2]: 142
[-118.8,34.3]: 16
[-118.8,34.4]: 1
[-118.8,34.9]: 1
[-118.8,35.0]: 1
[-118.8,35.1]: 12
[-118.8,35.2]: 2
[-118.8,35.3]: 4
[-118.8,35.4]: 18
[-118.8,35.9]: 1
[-118.8,36.1]: 1
[-118.8,36.4]: 1
[-118.8,37.4]: 1
[-118.8,37.6]: 1
[-118.7,34.0]: 2
[-118.7,34.1]: 75
[-118.7,34.2]: 112
[-118.7,34.3]: 3
[-118.7,34.7]: 1
[-118.7,35.1]: 1
[-118.7,35.2]: 1
[-118.7,36.6]: 1
[-118.7,37.5]: 2
[-118.6,34.1]: 125
[-118.6,34.2]: 168
[-118.6,34.3]: 18
[-118.6,34.4]: 99
[-118.6,34.5]: 8
[-118.6,34.7]: 1
[-118.6,35.5]: 1
[-118.6,37.5]: 1
[-118.5,34.0]: 34
[-118.5,34.1]: 335
[-118.5,34.2]: 547
[-118.5,34.3]: 203
[-118.5,34.4]: 288
[-118.5,34.8]: 1
[-118.5,35.1]: 91
[-118.5,35.2]: 2
[-118.5,37.2]: 1
[-118.4,33.7]: 9
[-118.4,33.8]: 1
[-118.4,33.9]: 317
[-118.4,34.0]: 467
[-118.4,34.1]: 528
[-118.4,34.2]: 1101
[-118.4,34.3]: 124
[-118.4,34.4]: 138
[-118.4,34.6]: 1
[-118.4,34.7]: 2
[-118.4,34.8]: 2
[-118.4,34.9]: 1
[-118.4,35.1]: 1
[-118.4,35.6]: 5
[-118.4,37.3]: 2
[-118.3,33.7]: 131
[-118.3,33.8]: 182
[-118.3,33.9]: 387
[-118.3,34.0]: 416
[-118.3,34.1]: 318
[-118.3,34.2]: 220
[-118.3,34.4]: 1
[-118.3,34.6]: 1
[-118.3,34.8]: 2
[-118.3,34.9]: 1
[-118.3,35.9]: 1
[-118.3,37.2]: 1
[-118.3,37.3]: 2
[-118.3,37.4]: 1
[-118.2,33.7]: 19
[-118.2,33.8]: 194
[-118.2,33.9]: 198
[-118.2,34.0]: 1168
[-118.2,34.1]: 253
[-118.2,34.2]: 33
[-118.2,34.3]: 1
[-118.2,34.5]: 5
[-118.2,34.6]: 54
[-118.2,34.7]: 30
[-118.2,34.8]: 1
[-118.2,34.9]: 1
[-118.2,35.1]: 2
[-118.2,36.8]: 1
[-118.2,37.0]: 1
[-118.1,33.7]: 108
[-118.1,33.8]: 318
[-118.1,33.9]: 496
[-118.1,34.0]: 265
[-118.1,34.1]: 126
[-118.1,34.2]: 7
[-118.1,34.5]: 31
[-118.1,34.6]: 24
[-118.1,34.7]: 12
[-118.1,34.8]: 4
[-118.1,34.9]: 2
[-118.1,35.0]: 1
[-118.1,35.1]: 1
[-118.1,37.1]: 1
[-118.0,33.6]: 2
[-118.0,33.7]: 131
[-118.0,33.8]: 433
[-118.0,33.9]: 115
[-118.0,34.0]: 397
[-118.0,34.1]: 102
[-118.0,34.5]: 45
[-118.0,35.1]: 1
[-118.0,36.6]: 1
[-117.9,33.6]: 272
[-117.9,33.7]: 620
[-117.9,33.8]: 613
[-117.9,33.9]: 217
[-117.9,34.0]: 233
[-117.9,34.1]: 76
[-117.9,34.5]: 1
[-117.9,34.6]: 2
[-117.9,34.7]: 2
[-117.9,34.9]: 1
[-117.9,35.0]: 1
[-117.9,35.1]: 5
[-117.9,35.5]: 2
[-117.8,33.5]: 4
[-117.8,33.6]: 404
[-117.8,33.7]: 786
[-117.8,33.8]: 349
[-117.8,33.9]: 128
[-117.8,34.0]: 103
[-117.8,34.1]: 32
[-117.8,34.3]: 1
[-117.8,34.5]: 1
[-117.8,34.6]: 1
[-117.8,35.0]: 1
[-117.8,35.1]: 44
[-117.8,35.6]: 1
[-117.8,35.7]: 1
[-117.7,33.4]: 4
[-117.7,33.5]: 272
[-117.7,33.6]: 206
[-117.7,33.7]: 253
[-117.7,33.8]: 113
[-117.7,33.9]: 130
[-117.7,34.0]: 266
[-117.7,34.1]: 35
[-117.7,34.5]: 3
[-117.7,35.0]: 1
[-117.7,35.6]: 2
[-117.7,35.7]: 1
[-117.7,37.1]: 1
[-117.6,33.4]: 47
[-117.6,33.5]: 362
[-117.6,33.6]: 249
[-117.6,33.7]: 8
[-117.6,33.8]: 69
[-117.6,33.9]: 159
[-117.6,34.0]: 479
[-117.6,34.1]: 96
[-117.6,34.3]: 3
[-117.6,34.4]: 5
[-117.6,35.1]: 1
[-117.6,35.3]: 1
[-117.6,35.5]: 1
[-117.6,35.6]: 5
[-117.6,35.8]: 1
[-117.6,35.9]: 1
[-117.5,33.3]: 60
[-117.5,33.4]: 84
[-117.5,33.5]: 2
[-117.5,33.6]: 33
[-117.5,33.7]: 3
[-117.5,33.8]: 362
[-117.5,33.9]: 285
[-117.5,34.0]: 230
[-117.5,34.1]: 352
[-117.5,34.3]: 2
[-117.5,34.4]: 2
[-117.5,34.5]: 1
[-117.5,34.6]: 2
[-117.4,33.2]: 39
[-117.4,33.3]: 2
[-117.4,33.7]: 29
[-117.4,33.8]: 146
[-117.4,33.9]: 617
[-117.4,34.0]: 318
[-117.4,34.1]: 162
[-117.4,34.2]: 1
[-117.4,34.3]: 2
[-117.4,34.4]: 2
[-117.4,34.5]: 22
[-117.4,34.6]: 1
[-117.4,34.7]: 1
[-117.4,36.0]: 1
[-117.3,33.1]: 135
[-117.3,33.2]: 246
[-117.3,33.3]: 29
[-117.3,33.5]: 1
[-117.3,33.6]: 123
[-117.3,33.7]: 31
[-117.3,33.8]: 33
[-117.3,33.9]: 415
[-117.3,34.0]: 284
[-117.3,34.1]: 186
[-117.3,34.2]: 2
[-117.3,34.4]: 24
[-117.3,34.5]: 141
[-117.3,34.6]: 1
[-117.3,35.7]: 1
[-117.3,36.0]: 1
[-117.2,32.6]: 80
[-117.2,32.7]: 90
[-117.2,32.8]: 530
[-117.2,32.9]: 209
[-117.2,33.0]: 86
[-117.2,33.1]: 171
[-117.2,33.2]: 275
[-117.2,33.3]: 115
[-117.2,33.4]: 2
[-117.2,33.5]: 111
[-117.2,33.6]: 102
[-117.2,33.7]: 117
[-117.2,33.8]: 250
[-117.2,33.9]: 348
[-117.2,34.0]: 130
[-117.2,34.1]: 188
[-117.2,34.3]: 1
[-117.2,34.4]: 44
[-117.2,34.5]: 7
[-117.2,34.6]: 3
[-117.2,34.8]: 1
[-117.2,36.0]: 1
[-117.1,32.5]: 3
[-117.1,32.6]: 195
[-117.1,32.7]: 368
[-117.1,32.8]: 351
[-117.1,32.9]: 410
[-117.1,33.0]: 64
[-117.1,33.1]: 257
[-117.1,33.2]: 1
[-117.1,33.3]: 20
[-117.1,33.4]: 63
[-117.1,33.5]: 540
[-117.1,33.6]: 82
[-117.1,33.7]: 52
[-117.1,33.8]: 83
[-117.1,33.9]: 76
[-117.1,34.0]: 48
[-117.1,34.1]: 5
[-117.1,34.2]: 1
[-117.1,34.4]: 2
[-117.1,34.5]: 3
[-117.1,34.6]: 1
[-117.0,32.5]: 441
[-117.0,32.6]: 646
[-117.0,32.7]: 585
[-117.0,32.8]: 124
[-117.0,32.9]: 297
[-117.0,33.0]: 186
[-117.0,33.1]: 364
[-117.0,33.2]: 10
[-117.0,33.4]: 63
[-117.0,33.5]: 47
[-117.0,33.6]: 10
[-117.0,33.7]: 66
[-117.0,33.8]: 3
[-117.0,33.9]: 51
[-117.0,34.0]: 61
[-117.0,34.3]: 1
[-117.0,34.4]: 2
[-117.0,34.8]: 3
[-116.9,32.5]: 101
[-116.9,32.6]: 223
[-116.9,32.7]: 390
[-116.9,32.8]: 285
[-116.9,32.9]: 3
[-116.9,33.0]: 10
[-116.9,33.1]: 1
[-116.9,33.6]: 2
[-116.9,33.7]: 195
[-116.9,33.8]: 11
[-116.9,33.9]: 4
[-116.9,34.0]: 3
[-116.9,34.2]: 1
[-116.8,32.6]: 1
[-116.8,32.7]: 8
[-116.8,32.8]: 17
[-116.8,32.9]: 9
[-116.8,33.0]: 2
[-116.8,33.7]: 20
[-116.8,33.9]: 31
[-116.8,34.0]: 1
[-116.8,34.2]: 4
[-116.8,34.4]: 1
[-116.8,34.5]: 1
[-116.8,35.5]: 1
[-116.7,32.8]: 41
[-116.7,32.9]: 1
[-116.7,33.0]: 10
[-116.7,33.7]: 2
[-116.7,33.9]: 1
[-116.7,34.4]: 1
[-116.7,35.2]: 22
[-116.6,33.8]: 1
[-116.6,33.9]: 1
[-116.6,34.4]: 1
[-116.6,35.2]: 49
[-116.5,33.1]: 2
[-116.5,33.3]: 1
[-116.5,33.8]: 24
[-116.5,33.9]: 5
[-116.5,34.3]: 1
[-116.5,36.2]: 1
[-116.4,32.7]: 1
[-116.4,33.7]: 11
[-116.4,33.8]: 20
[-116.4,33.9]: 12
[-116.4,34.1]: 2
[-116.3,32.6]: 2
[-116.3,32.7]: 1
[-116.3,32.8]: 1
[-116.3,33.6]: 15
[-116.3,33.7]: 134
[-116.3,33.8]: 2
[-116.3,34.2]: 1
[-116.2,32.6]: 1
[-116.2,33.6]: 82
[-116.2,33.7]: 245
[-116.2,33.8]: 1
[-116.2,34.1]: 2
[-116.2,34.2]: 1
[-116.1,33.0]: 1
[-116.1,33.1]: 1
[-116.1,33.5]: 40
[-116.1,33.6]: 158
[-116.1,33.7]: 3
[-116.1,34.1]: 1
[-116.1,35.8]: 1
[-116.0,33.3]: 1
[-116.0,33.5]: 42
[-116.0,34.1]: 3
[-116.0,34.2]: 31
[-115.9,32.7]: 1
[-115.9,33.2]: 1
[-115.9,33.3]: 1
[-115.9,33.5]: 1
[-115.9,35.2]: 1
[-115.9,35.9]: 1
[-115.8,34.1]: 1
[-115.8,35.9]: 1
[-115.7,32.7]: 8
[-115.7,32.8]: 52
[-115.6,33.0]: 1
[-115.6,33.4]: 1
[-115.5,32.7]: 41
[-115.5,32.8]: 23
[-115.5,32.9]: 41
[-115.5,33.2]: 1
[-115.4,32.6]: 20
[-115.4,32.7]: 3
[-115.4,32.8]: 2
[-115.4,33.1]: 60
[-115.4,34.9]: 1
[-115.3,32.7]: 1
[-115.3,32.8]: 11
[-115.2,33.0]: 1
[-115.2,35.2]: 1
[-115.1,34.0]: 1
[-115.1,34.6]: 1
[-115.1,35.0]: 1
[-114.9,33.5]: 130
[-114.8,34.6]: 1
[-114.7,33.6]: 1
[-114.6,33.2]: 1
[-114.6,33.5]: 1
[-114.5,32.7]: 1
[-114.5,32.8]: 1
[-114.5,33.0]: 1
[-114.5,33.6]: 3
[-114.5,34.1]: 1
[-114.4,34.0]: 1
[-114.4,34.1]: 1

python q1.py '2020-09-20T05:00:00.000Z'
[-124.2,40.4]: 1
[-124.2,40.6]: 1
[-124.2,40.7]: 10
[-124.2,41.7]: 1
[-124.1,40.4]: 1
[-124.1,40.5]: 1
[-124.1,40.6]: 1
[-124.1,40.7]: 16
[-124.1,40.9]: 1
[-124.1,41.0]: 1
[-124.1,41.5]: 1
[-124.1,41.7]: 1
[-124.1,41.8]: 40
[-124.0,40.0]: 1
[-124.0,40.4]: 2
[-124.0,40.6]: 2
[-124.0,40.8]: 33
[-124.0,40.9]: 9
[-124.0,41.0]: 3
[-124.0,41.9]: 1
[-123.9,40.1]: 1
[-123.9,40.9]: 1
[-123.9,41.2]: 1
[-123.9,41.4]: 1
[-123.9,41.6]: 1
[-123.9,41.8]: 1
[-123.8,39.4]: 1
[-123.8,40.1]: 1
[-123.8,40.8]: 1
[-123.8,41.4]: 1
[-123.8,41.8]: 1
[-123.7,39.3]: 1
[-123.7,39.4]: 1
[-123.7,39.5]: 2
[-123.7,40.1]: 1
[-123.7,41.1]: 1
[-123.6,39.0]: 1
[-123.6,39.4]: 1
[-123.6,39.6]: 1
[-123.6,41.0]: 1
[-123.6,41.1]: 1
[-123.6,41.4]: 1
[-123.6,41.5]: 1
[-123.5,38.7]: 1
[-123.5,40.4]: 2
[-123.5,41.9]: 1
[-123.4,39.3]: 1
[-123.4,39.5]: 1
[-123.4,39.6]: 1
[-123.4,40.3]: 1
[-123.3,39.3]: 1
[-123.3,39.4]: 3
[-123.3,39.9]: 1
[-123.3,40.5]: 1
[-123.2,38.7]: 1
[-123.2,39.1]: 10
[-123.2,39.2]: 3
[-123.2,39.6]: 1
[-123.2,39.7]: 1
[-123.2,39.8]: 1
[-123.1,38.6]: 1
[-123.1,38.9]: 1
[-123.1,39.0]: 1
[-123.1,39.2]: 1
[-123.1,39.6]: 1
[-123.0,38.4]: 1
[-123.0,38.7]: 2
[-123.0,38.8]: 1
[-123.0,40.2]: 1
[-123.0,41.8]: 1
[-122.9,38.3]: 1
[-122.9,38.6]: 2
[-122.9,38.7]: 1
[-122.9,38.8]: 1
[-122.9,41.5]: 3
[-122.8,38.4]: 2
[-122.8,38.5]: 18
[-122.8,38.6]: 1
[-122.8,38.8]: 1
[-122.8,38.9]: 1
[-122.8,39.0]: 1
[-122.8,39.1]: 1
[-122.8,39.5]: 1
[-122.8,40.6]: 1
[-122.8,40.7]: 1
[-122.7,37.9]: 1
[-122.7,38.3]: 19
[-122.7,38.4]: 146
[-122.7,38.5]: 4
[-122.7,38.8]: 3
[-122.7,39.1]: 1
[-122.6,38.1]: 1
[-122.6,38.2]: 24
[-122.6,38.3]: 64
[-122.6,38.4]: 18
[-122.6,38.5]: 1
[-122.6,38.8]: 2
[-122.6,39.0]: 2
[-122.6,39.4]: 1
[-122.6,41.2]: 1
[-122.6,41.3]: 1
[-122.6,41.7]: 1
[-122.6,41.9]: 1
[-122.5,37.7]: 2
[-122.5,37.8]: 21
[-122.5,37.9]: 97
[-122.5,38.0]: 96
[-122.5,38.1]: 21
[-122.5,38.2]: 10
[-122.5,38.3]: 1
[-122.5,38.4]: 1
[-122.5,38.9]: 1
[-122.5,39.0]: 1
[-122.5,39.3]: 3
[-122.5,40.1]: 1
[-122.5,40.3]: 1
[-122.5,41.8]: 1
[-122.4,37.4]: 11
[-122.4,37.5]: 7
[-122.4,37.6]: 214
[-122.4,37.7]: 435
[-122.4,37.8]: 22
[-122.4,37.9]: 64
[-122.4,38.0]: 8
[-122.4,38.1]: 1
[-122.4,38.2]: 1
[-122.4,38.3]: 1
[-122.4,38.5]: 2
[-122.4,40.4]: 1
[-122.4,40.5]: 2
[-122.4,40.6]: 8
[-122.4,40.9]: 1
[-122.3,37.5]: 23
[-122.3,37.7]: 92
[-122.3,37.8]: 54
[-122.3,37.9]: 107
[-122.3,38.0]: 3
[-122.3,38.2]: 33
[-122.3,38.3]: 10
[-122.3,38.9]: 1
[-122.3,39.6]: 1
[-122.3,39.9]: 1
[-122.3,40.0]: 1
[-122.3,40.3]: 11
[-122.3,40.4]: 1
[-122.3,40.5]: 23
[-122.3,40.6]: 26
[-122.3,41.0]: 1
[-122.3,41.3]: 1
[-122.3,41.4]: 1
[-122.2,37.1]: 1
[-122.2,37.4]: 33
[-122.2,37.5]: 142
[-122.2,37.7]: 125
[-122.2,37.8]: 181
[-122.2,37.9]: 35
[-122.2,38.0]: 57
[-122.2,38.1]: 36
[-122.2,38.2]: 21
[-122.2,38.3]: 10
[-122.2,39.3]: 1
[-122.2,39.8]: 1
[-122.2,39.9]: 1
[-122.2,40.1]: 1
[-122.2,40.2]: 1
[-122.2,40.3]: 13
[-122.2,40.4]: 3
[-122.2,40.7]: 1
[-122.2,41.2]: 1
[-122.1,37.1]: 1
[-122.1,37.3]: 12
[-122.1,37.4]: 186
[-122.1,37.5]: 2
[-122.1,37.6]: 105
[-122.1,37.7]: 105
[-122.1,37.8]: 63
[-122.1,37.9]: 5
[-122.1,38.0]: 50
[-122.1,38.2]: 1
[-122.1,38.4]: 1
[-122.1,39.2]: 1
[-122.1,39.3]: 1
[-122.1,39.7]: 1
[-122.1,39.9]: 1
[-122.1,40.3]: 8
[-122.1,40.5]: 2
[-122.1,41.5]: 1
[-122.1,41.7]: 1
[-122.1,41.8]: 1
[-122.0,36.9]: 7
[-122.0,37.0]: 17
[-122.0,37.1]: 2
[-122.0,37.2]: 31
[-122.0,37.3]: 342
[-122.0,37.4]: 23
[-122.0,37.5]: 209
[-122.0,37.6]: 273
[-122.0,37.7]: 34
[-122.0,37.8]: 64
[-122.0,37.9]: 258
[-122.0,38.0]: 2
[-122.0,38.1]: 1
[-122.0,38.2]: 61
[-122.0,38.3]: 5
[-122.0,38.4]: 1
[-122.0,38.6]: 2
[-122.0,39.0]: 1
[-122.0,39.3]: 1
[-122.0,39.7]: 2
[-122.0,39.8]: 1
[-121.9,36.5]: 10
[-121.9,36.6]: 22
[-121.9,36.9]: 32
[-121.9,37.0]: 12
[-121.9,37.1]: 2
[-121.9,37.2]: 153
[-121.9,37.3]: 393
[-121.9,37.4]: 203
[-121.9,37.5]: 231
[-121.9,37.6]: 1
[-121.9,37.7]: 127
[-121.9,37.8]: 99
[-121.9,37.9]: 19
[-121.9,38.0]: 34
[-121.9,38.1]: 1
[-121.9,38.2]: 13
[-121.9,38.3]: 146
[-121.9,38.5]: 10
[-121.9,38.6]: 2
[-121.9,38.8]: 1
[-121.9,40.1]: 1
[-121.9,40.2]: 3
[-121.9,40.9]: 1
[-121.9,41.0]: 1
[-121.9,41.9]: 2
[-121.8,36.6]: 40
[-121.8,36.9]: 1
[-121.8,37.2]: 358
[-121.8,37.3]: 524
[-121.8,37.4]: 72
[-121.8,37.6]: 55
[-121.8,37.7]: 145
[-121.8,37.8]: 20
[-121.8,37.9]: 22
[-121.8,38.0]: 19
[-121.8,38.2]: 1
[-121.8,38.3]: 1
[-121.8,38.4]: 2
[-121.8,39.3]: 2
[-121.8,39.6]: 1
[-121.8,39.7]: 147
[-121.8,41.9]: 1
[-121.7,36.4]: 8
[-121.7,36.5]: 8
[-121.7,36.6]: 72
[-121.7,36.8]: 17
[-121.7,36.9]: 33
[-121.7,37.0]: 2
[-121.7,37.1]: 5
[-121.7,37.2]: 106
[-121.7,37.3]: 22
[-121.7,37.6]: 5
[-121.7,37.7]: 10
[-121.7,37.8]: 3
[-121.7,37.9]: 21
[-121.7,38.0]: 12
[-121.7,38.4]: 1
[-121.7,38.5]: 264
[-121.7,38.6]: 82
[-121.7,38.8]: 1
[-121.7,39.2]: 1
[-121.7,39.3]: 1
[-121.7,39.6]: 1
[-121.7,39.7]: 13
[-121.7,41.0]: 1
[-121.7,41.1]: 1
[-121.7,41.2]: 1
[-121.6,36.5]: 14
[-121.6,36.6]: 253
[-121.6,36.7]: 138
[-121.6,36.8]: 16
[-121.6,37.0]: 13
[-121.6,37.1]: 14
[-121.6,37.6]: 1
[-121.6,37.8]: 12
[-121.6,37.9]: 14
[-121.6,38.0]: 1
[-121.6,38.5]: 7
[-121.6,39.0]: 1
[-121.6,39.1]: 57
[-121.6,39.3]: 3
[-121.6,39.4]: 1
[-121.6,39.6]: 1
[-121.6,39.7]: 1
[-121.6,40.8]: 1
[-121.5,36.7]: 1
[-121.5,36.9]: 10
[-121.5,37.0]: 32
[-121.5,37.1]: 20
[-121.5,37.7]: 1
[-121.5,37.8]: 1
[-121.5,37.9]: 1
[-121.5,38.4]: 12
[-121.5,38.5]: 103
[-121.5,38.6]: 83
[-121.5,39.0]: 1
[-121.5,39.1]: 21
[-121.5,39.5]: 13
[-121.5,39.6]: 1
[-121.5,39.8]: 1
[-121.5,39.9]: 1
[-121.5,40.7]: 1
[-121.5,40.9]: 1
[-121.4,36.4]: 3
[-121.4,36.5]: 9
[-121.4,36.7]: 1
[-121.4,37.0]: 1
[-121.4,37.2]: 1
[-121.4,37.6]: 10
[-121.4,37.7]: 53
[-121.4,37.9]: 1
[-121.4,38.0]: 1
[-121.4,38.2]: 9
[-121.4,38.3]: 12
[-121.4,38.4]: 145
[-121.4,38.5]: 260
[-121.4,38.6]: 77
[-121.4,39.0]: 5
[-121.4,39.4]: 1
[-121.4,39.5]: 1
[-121.4,39.6]: 1
[-121.4,39.7]: 1
[-121.4,40.1]: 1
[-121.4,40.7]: 1
[-121.4,41.5]: 1
[-121.4,41.7]: 1
[-121.4,41.9]: 1
[-121.3,36.4]: 121
[-121.3,36.7]: 1
[-121.3,36.8]: 11
[-121.3,36.9]: 1
[-121.3,37.7]: 49
[-121.3,37.8]: 10
[-121.3,37.9]: 139
[-121.3,38.0]: 127
[-121.3,38.3]: 10
[-121.3,38.4]: 44
[-121.3,38.5]: 112
[-121.3,38.6]: 116
[-121.3,38.7]: 117
[-121.3,38.8]: 101
[-121.3,39.4]: 2
[-121.3,39.5]: 1
[-121.3,39.6]: 2
[-121.3,40.5]: 1
[-121.3,41.8]: 1
[-121.2,36.3]: 1
[-121.2,36.6]: 1
[-121.2,36.7]: 1
[-121.2,37.7]: 26
[-121.2,37.8]: 50
[-121.2,37.9]: 25
[-121.2,38.0]: 32
[-121.2,38.1]: 5
[-121.2,38.3]: 1
[-121.2,38.5]: 54
[-121.2,38.6]: 131
[-121.2,38.7]: 138
[-121.2,38.8]: 120
[-121.2,39.0]: 1
[-121.2,40.2]: 2
[-121.2,40.3]: 1
[-121.2,40.7]: 1
[-121.2,41.2]: 1
[-121.1,36.2]: 22
[-121.1,37.4]: 3
[-121.1,37.7]: 9
[-121.1,37.8]: 12
[-121.1,37.9]: 10
[-121.1,38.0]: 10
[-121.1,38.6]: 208
[-121.1,38.7]: 14
[-121.1,38.8]: 4
[-121.1,38.9]: 32
[-121.1,39.1]: 10
[-121.1,39.2]: 2
[-121.1,39.6]: 1
[-121.1,40.5]: 1
[-121.1,40.7]: 1
[-121.0,35.5]: 3
[-121.0,35.8]: 1
[-121.0,36.1]: 1
[-121.0,37.3]: 2
[-121.0,37.5]: 1
[-121.0,37.6]: 32
[-121.0,37.7]: 1
[-121.0,38.2]: 1
[-121.0,38.4]: 3
[-121.0,38.5]: 8
[-121.0,38.6]: 30
[-121.0,38.7]: 8
[-121.0,38.8]: 3
[-121.0,38.9]: 1
[-121.0,39.1]: 2
[-121.0,39.2]: 13
[-121.0,39.7]: 1
[-121.0,39.9]: 1
[-121.0,40.3]: 1
[-121.0,40.4]: 1
[-121.0,40.5]: 1
[-121.0,40.7]: 1
[-121.0,41.1]: 1
[-120.9,37.2]: 1
[-120.9,37.3]: 2
[-120.9,37.5]: 32
[-120.9,37.6]: 97
[-120.9,37.7]: 2
[-120.9,37.9]: 1
[-120.9,38.1]: 2
[-120.9,38.2]: 1
[-120.9,38.3]: 60
[-120.9,38.5]: 2
[-120.9,38.6]: 3
[-120.9,39.1]: 1
[-120.9,39.3]: 1
[-120.9,39.9]: 1
[-120.9,40.2]: 1
[-120.9,41.2]: 1
[-120.9,41.5]: 1
[-120.8,35.2]: 2
[-120.8,35.3]: 22
[-120.8,35.5]: 1
[-120.8,35.8]: 1
[-120.8,35.9]: 2
[-120.8,36.8]: 1
[-120.8,37.0]: 21
[-120.8,37.3]: 1
[-120.8,37.4]: 2
[-120.8,37.5]: 41
[-120.8,37.6]: 1
[-120.8,37.7]: 1
[-120.8,38.1]: 2
[-120.8,38.5]: 8
[-120.8,38.6]: 3
[-120.8,38.7]: 1
[-120.8,38.8]: 1
[-120.8,38.9]: 1
[-120.8,39.5]: 1
[-120.8,40.5]: 1
[-120.8,40.6]: 1
[-120.8,40.9]: 1
[-120.8,41.3]: 1
[-120.7,35.1]: 1
[-120.7,35.2]: 7
[-120.7,35.4]: 1
[-120.7,35.5]: 1
[-120.7,35.7]: 1
[-120.7,36.1]: 1
[-120.7,36.9]: 1
[-120.7,37.2]: 2
[-120.7,37.5]: 1
[-120.7,38.3]: 1
[-120.7,38.4]: 1
[-120.7,38.5]: 1
[-120.7,38.7]: 1
[-120.7,39.3]: 1
[-120.7,40.1]: 1
[-120.7,40.2]: 2
[-120.7,40.4]: 1
[-120.7,40.6]: 1
[-120.7,40.9]: 1
[-120.6,34.7]: 1
[-120.6,35.1]: 3
[-120.6,35.2]: 63
[-120.6,35.3]: 152
[-120.6,35.4]: 11
[-120.6,35.6]: 15
[-120.6,36.6]: 1
[-120.6,37.9]: 1
[-120.6,38.3]: 1
[-120.6,38.8]: 1
[-120.6,38.9]: 1
[-120.6,39.3]: 1
[-120.6,39.7]: 1
[-120.6,40.3]: 1
[-120.6,40.8]: 1
[-120.6,41.9]: 1
[-120.5,34.6]: 26
[-120.5,34.9]: 20
[-120.5,35.0]: 3
[-120.5,35.1]: 2
[-120.5,35.4]: 1
[-120.5,36.6]: 2
[-120.5,37.3]: 52
[-120.5,37.4]: 1
[-120.5,37.8]: 41
[-120.5,37.9]: 2
[-120.5,38.1]: 1
[-120.5,38.7]: 2
[-120.5,38.8]: 1
[-120.5,39.3]: 3
[-120.5,39.9]: 1
[-120.5,40.2]: 1
[-120.5,40.3]: 3
[-120.5,40.4]: 89
[-120.5,40.5]: 1
[-120.5,40.9]: 1
[-120.5,41.0]: 1
[-120.5,41.4]: 1
[-120.5,41.5]: 1
[-120.4,34.6]: 45
[-120.4,34.8]: 13
[-120.4,34.9]: 43
[-120.4,35.0]: 1
[-120.4,35.6]: 1
[-120.4,36.5]: 1
[-120.4,36.8]: 10
[-120.4,37.2]: 80
[-120.4,37.3]: 74
[-120.4,37.9]: 1
[-120.4,38.1]: 2
[-120.4,38.2]: 1
[-120.4,38.4]: 1
[-120.4,38.9]: 1
[-120.4,39.0]: 1
[-120.4,39.3]: 1
[-120.4,39.8]: 3
[-120.4,41.1]: 1
[-120.3,35.4]: 1
[-120.3,35.5]: 1
[-120.3,35.6]: 1
[-120.3,36.1]: 1
[-120.3,36.2]: 4
[-120.3,36.7]: 20
[-120.3,36.8]: 1
[-120.3,36.9]: 1
[-120.3,37.0]: 2
[-120.3,37.6]: 1
[-120.3,37.8]: 1
[-120.3,38.2]: 1
[-120.3,38.5]: 1
[-120.3,39.2]: 1
[-120.3,40.2]: 1
[-120.3,40.3]: 1
[-120.2,34.7]: 1
[-120.2,34.8]: 1
[-120.2,36.1]: 80
[-120.2,36.3]: 1
[-120.2,36.5]: 1
[-120.2,37.0]: 1
[-120.2,37.1]: 23
[-120.2,37.8]: 1
[-120.2,38.0]: 1
[-120.2,38.3]: 1
[-120.2,38.8]: 1
[-120.2,39.3]: 1
[-120.2,39.5]: 1
[-120.2,39.6]: 1
[-120.2,41.8]: 1
[-120.1,34.5]: 1
[-120.1,34.6]: 1
[-120.1,34.7]: 1
[-120.1,34.9]: 1
[-120.1,35.9]: 90
[-120.1,36.0]: 3
[-120.1,36.5]: 1
[-120.1,36.9]: 4
[-120.1,37.0]: 68
[-120.1,37.1]: 44
[-120.1,37.7]: 1
[-120.1,38.0]: 1
[-120.1,39.4]: 1
[-120.1,39.6]: 2
[-120.1,39.8]: 1
[-120.1,40.1]: 9
[-120.0,34.4]: 2
[-120.0,34.6]: 1
[-120.0,35.2]: 1
[-120.0,35.6]: 2
[-120.0,36.0]: 2
[-120.0,36.1]: 2
[-120.0,36.2]: 10
[-120.0,36.3]: 1
[-120.0,36.4]: 1
[-120.0,36.7]: 2
[-120.0,36.8]: 1
[-120.0,36.9]: 99
[-120.0,37.0]: 2
[-120.0,37.4]: 1
[-120.0,38.2]: 1
[-120.0,38.8]: 1
[-120.0,38.9]: 12
[-120.0,39.2]: 10
[-120.0,40.1]: 2
[-119.9,35.3]: 1
[-119.9,35.9]: 1
[-119.9,36.7]: 1
[-119.9,36.8]: 1
[-119.9,37.0]: 1
[-119.9,37.4]: 1
[-119.9,38.9]: 2
[-119.8,34.4]: 171
[-119.8,35.0]: 1
[-119.8,35.8]: 1
[-119.8,36.1]: 1
[-119.8,36.2]: 23
[-119.8,36.3]: 4
[-119.8,36.7]: 140
[-119.8,36.8]: 82
[-119.8,37.5]: 1
[-119.8,38.2]: 1
[-119.7,34.4]: 92
[-119.7,34.5]: 1
[-119.7,35.7]: 1
[-119.7,36.2]: 1
[-119.7,36.3]: 12
[-119.7,36.6]: 5
[-119.7,36.7]: 260
[-119.7,36.8]: 294
[-119.6,34.4]: 44
[-119.6,35.3]: 3
[-119.6,35.5]: 2
[-119.6,36.3]: 24
[-119.6,36.4]: 1
[-119.6,36.5]: 20
[-119.6,36.8]: 1
[-119.6,37.3]: 28
[-119.6,37.4]: 1
[-119.6,37.6]: 1
[-119.5,34.4]: 1
[-119.5,35.0]: 1
[-119.5,35.5]: 1
[-119.5,35.6]: 1
[-119.5,36.0]: 181
[-119.5,36.5]: 3
[-119.5,36.6]: 41
[-119.5,36.7]: 1
[-119.5,37.3]: 2
[-119.5,37.7]: 1
[-119.4,34.3]: 1
[-119.4,35.1]: 2
[-119.4,35.4]: 1
[-119.4,35.5]: 90
[-119.4,36.4]: 1
[-119.4,36.5]: 12
[-119.4,36.6]: 24
[-119.4,37.0]: 1
[-119.3,34.2]: 5
[-119.3,34.3]: 12
[-119.3,35.0]: 1
[-119.3,35.1]: 41
[-119.3,35.2]: 2
[-119.3,35.5]: 11
[-119.3,35.7]: 150
[-119.3,36.0]: 1
[-119.3,36.1]: 10
[-119.3,36.2]: 19
[-119.3,36.3]: 19
[-119.3,36.4]: 19
[-119.3,36.5]: 14
[-119.3,36.6]: 11
[-119.3,36.7]: 1
[-119.2,34.1]: 2
[-119.2,34.2]: 109
[-119.2,34.3]: 18
[-119.2,34.4]: 4
[-119.2,35.4]: 3
[-119.2,35.5]: 1
[-119.2,35.6]: 30
[-119.2,35.7]: 71
[-119.2,35.8]: 1
[-119.2,36.3]: 7
[-119.2,36.4]: 1
[-119.2,36.5]: 10
[-119.1,34.1]: 35
[-119.1,34.2]: 74
[-119.1,34.3]: 3
[-119.1,34.8]: 1
[-119.1,35.0]: 1
[-119.1,35.2]: 15
[-119.1,35.3]: 40
[-119.1,35.4]: 1
[-119.1,35.5]: 18
[-119.1,35.6]: 1
[-119.1,35.9]: 1
[-119.1,36.1]: 1
[-119.1,36.2]: 2
[-119.1,36.3]: 1
[-119.0,34.2]: 71
[-119.0,34.3]: 31
[-119.0,34.7]: 2
[-119.0,35.0]: 2
[-119.0,35.2]: 49
[-119.0,35.3]: 224
[-119.0,35.4]: 8
[-119.0,35.5]: 2
[-119.0,36.0]: 2
[-119.0,36.1]: 3
[-119.0,36.2]: 2
[-119.0,36.4]: 1
[-119.0,36.8]: 1
[-119.0,37.6]: 1
[-118.9,34.1]: 108
[-118.9,34.2]: 46
[-118.9,34.3]: 3
[-118.9,34.4]: 1
[-118.9,34.5]: 1
[-118.9,34.8]: 1
[-118.9,35.0]: 1
[-118.9,35.2]: 12
[-118.9,35.3]: 104
[-118.9,35.4]: 43
[-118.9,35.5]: 1
[-118.9,35.6]: 1
[-118.9,36.7]: 1
[-118.9,37.6]: 6
[-118.9,37.7]: 2
[-118.8,34.0]: 2
[-118.8,34.1]: 128
[-118.8,34.2]: 138
[-118.8,34.3]: 13
[-118.8,34.4]: 1
[-118.8,34.9]: 1
[-118.8,35.0]: 1
[-118.8,35.1]: 12
[-118.8,35.2]: 2
[-118.8,35.3]: 8
[-118.8,35.4]: 14
[-118.8,35.9]: 1
[-118.8,36.4]: 1
[-118.8,37.3]: 1
[-118.8,37.6]: 1
[-118.7,34.0]: 2
[-118.7,34.1]: 78
[-118.7,34.2]: 109
[-118.7,34.3]: 3
[-118.7,34.7]: 1
[-118.7,35.1]: 1
[-118.7,35.2]: 1
[-118.7,36.1]: 1
[-118.7,36.6]: 1
[-118.7,37.5]: 2
[-118.6,34.1]: 124
[-118.6,34.2]: 164
[-118.6,34.3]: 12
[-118.6,34.4]: 99
[-118.6,34.5]: 10
[-118.6,34.7]: 1
[-118.6,35.5]: 1
[-118.6,37.5]: 1
[-118.5,34.0]: 36
[-118.5,34.1]: 340
[-118.5,34.2]: 545
[-118.5,34.3]: 208
[-118.5,34.4]: 289
[-118.5,34.8]: 1
[-118.5,34.9]: 1
[-118.5,35.1]: 91
[-118.5,35.2]: 2
[-118.5,37.2]: 1
[-118.4,33.7]: 9
[-118.4,33.8]: 1
[-118.4,33.9]: 322
[-118.4,34.0]: 454
[-118.4,34.1]: 535
[-118.4,34.2]: 1102
[-118.4,34.3]: 124
[-118.4,34.4]: 136
[-118.4,34.7]: 2
[-118.4,34.8]: 2
[-118.4,35.1]: 1
[-118.4,35.6]: 4
[-118.4,37.3]: 2
[-118.3,33.7]: 130
[-118.3,33.8]: 184
[-118.3,33.9]: 386
[-118.3,34.0]: 416
[-118.3,34.1]: 321
[-118.3,34.2]: 219
[-118.3,34.4]: 1
[-118.3,34.6]: 2
[-118.3,34.8]: 2
[-118.3,34.9]: 1
[-118.3,35.6]: 1
[-118.3,35.9]: 1
[-118.3,37.2]: 1
[-118.3,37.3]: 2
[-118.3,37.4]: 1
[-118.2,33.7]: 22
[-118.2,33.8]: 190
[-118.2,33.9]: 198
[-118.2,34.0]: 1168
[-118.2,34.1]: 250
[-118.2,34.2]: 33
[-118.2,34.3]: 1
[-118.2,34.5]: 5
[-118.2,34.6]: 54
[-118.2,34.7]: 30
[-118.2,34.8]: 1
[-118.2,34.9]: 1
[-118.2,35.1]: 2
[-118.2,36.8]: 1
[-118.2,37.0]: 1
[-118.1,33.7]: 108
[-118.1,33.8]: 319
[-118.1,33.9]: 497
[-118.1,34.0]: 263
[-118.1,34.1]: 131
[-118.1,34.2]: 6
[-118.1,34.5]: 28
[-118.1,34.6]: 24
[-118.1,34.7]: 12
[-118.1,34.8]: 4
[-118.1,34.9]: 2
[-118.1,35.0]: 1
[-118.1,35.1]: 1
[-118.1,37.1]: 1
[-118.0,33.6]: 2
[-118.0,33.7]: 131
[-118.0,33.8]: 429
[-118.0,33.9]: 114
[-118.0,34.0]: 396
[-118.0,34.1]: 104
[-118.0,34.5]: 48
[-118.0,35.1]: 1
[-118.0,36.6]: 1
[-117.9,33.6]: 274
[-117.9,33.7]: 631
[-117.9,33.8]: 614
[-117.9,33.9]: 216
[-117.9,34.0]: 227
[-117.9,34.1]: 76
[-117.9,34.5]: 1
[-117.9,34.6]: 2
[-117.9,34.7]: 2
[-117.9,34.9]: 1
[-117.9,35.0]: 1
[-117.9,35.1]: 5
[-117.9,35.5]: 2
[-117.8,33.5]: 4
[-117.8,33.6]: 403
[-117.8,33.7]: 783
[-117.8,33.8]: 347
[-117.8,33.9]: 127
[-117.8,34.0]: 106
[-117.8,34.1]: 34
[-117.8,34.3]: 1
[-117.8,34.5]: 1
[-117.8,34.6]: 1
[-117.8,35.0]: 1
[-117.8,35.1]: 44
[-117.8,35.6]: 1
[-117.8,35.7]: 1
[-117.7,33.4]: 2
[-117.7,33.5]: 268
[-117.7,33.6]: 207
[-117.7,33.7]: 253
[-117.7,33.8]: 111
[-117.7,33.9]: 132
[-117.7,34.0]: 263
[-117.7,34.1]: 34
[-117.7,34.5]: 3
[-117.7,35.0]: 1
[-117.7,35.6]: 2
[-117.7,35.7]: 1
[-117.6,33.4]: 51
[-117.6,33.5]: 361
[-117.6,33.6]: 251
[-117.6,33.7]: 8
[-117.6,33.8]: 68
[-117.6,33.9]: 155
[-117.6,34.0]: 481
[-117.6,34.1]: 97
[-117.6,34.3]: 4
[-117.6,34.4]: 3
[-117.6,35.1]: 1
[-117.6,35.3]: 1
[-117.6,35.5]: 1
[-117.6,35.6]: 5
[-117.6,35.8]: 1
[-117.6,35.9]: 1
[-117.6,37.1]: 1
[-117.5,33.3]: 59
[-117.5,33.4]: 84
[-117.5,33.5]: 1
[-117.5,33.6]: 33
[-117.5,33.7]: 2
[-117.5,33.8]: 364
[-117.5,33.9]: 290
[-117.5,34.0]: 231
[-117.5,34.1]: 350
[-117.5,34.3]: 1
[-117.5,34.4]: 4
[-117.5,34.5]: 1
[-117.5,34.6]: 2
[-117.4,33.2]: 38
[-117.4,33.3]: 5
[-117.4,33.7]: 30
[-117.4,33.8]: 144
[-117.4,33.9]: 616
[-117.4,34.0]: 320
[-117.4,34.1]: 161
[-117.4,34.2]: 1
[-117.4,34.3]: 2
[-117.4,34.4]: 2
[-117.4,34.5]: 22
[-117.4,34.6]: 1
[-117.4,34.7]: 1
[-117.4,36.0]: 1
[-117.3,33.1]: 126
[-117.3,33.2]: 249
[-117.3,33.3]: 26
[-117.3,33.5]: 1
[-117.3,33.6]: 123
[-117.3,33.7]: 31
[-117.3,33.8]: 33
[-117.3,33.9]: 418
[-117.3,34.0]: 279
[-117.3,34.1]: 186
[-117.3,34.2]: 2
[-117.3,34.4]: 26
[-117.3,34.5]: 140
[-117.3,34.6]: 2
[-117.3,35.7]: 1
[-117.3,36.0]: 1
[-117.2,32.6]: 80
[-117.2,32.7]: 95
[-117.2,32.8]: 528
[-117.2,32.9]: 209
[-117.2,33.0]: 86
[-117.2,33.1]: 175
[-117.2,33.2]: 273
[-117.2,33.3]: 115
[-117.2,33.4]: 5
[-117.2,33.5]: 111
[-117.2,33.6]: 109
[-117.2,33.7]: 119
[-117.2,33.8]: 255
[-117.2,33.9]: 348
[-117.2,34.0]: 134
[-117.2,34.1]: 189
[-117.2,34.3]: 1
[-117.2,34.4]: 37
[-117.2,34.5]: 13
[-117.2,34.6]: 2
[-117.2,34.8]: 1
[-117.2,36.0]: 1
[-117.1,32.5]: 3
[-117.1,32.6]: 195
[-117.1,32.7]: 361
[-117.1,32.8]: 338
[-117.1,32.9]: 418
[-117.1,33.0]: 71
[-117.1,33.1]: 261
[-117.1,33.2]: 1
[-117.1,33.3]: 20
[-117.1,33.4]: 63
[-117.1,33.5]: 537
[-117.1,33.6]: 80
[-117.1,33.7]: 46
[-117.1,33.8]: 78
[-117.1,33.9]: 76
[-117.1,34.0]: 48
[-117.1,34.1]: 4
[-117.1,34.2]: 1
[-117.1,34.4]: 2
[-117.1,34.5]: 3
[-117.1,34.6]: 1
[-117.0,32.5]: 440
[-117.0,32.6]: 644
[-117.0,32.7]: 594
[-117.0,32.8]: 132
[-117.0,32.9]: 290
[-117.0,33.0]: 186
[-117.0,33.1]: 358
[-117.0,33.2]: 10
[-117.0,33.4]: 65
[-117.0,33.5]: 45
[-117.0,33.6]: 10
[-117.0,33.7]: 66
[-117.0,33.8]: 7
[-117.0,33.9]: 51
[-117.0,34.0]: 61
[-117.0,34.3]: 1
[-117.0,34.4]: 2
[-117.0,34.8]: 3
[-116.9,32.5]: 102
[-116.9,32.6]: 223
[-116.9,32.7]: 392
[-116.9,32.8]: 284
[-116.9,32.9]: 6
[-116.9,33.0]: 11
[-116.9,33.1]: 1
[-116.9,33.6]: 2
[-116.9,33.7]: 190
[-116.9,33.8]: 13
[-116.9,33.9]: 4
[-116.9,34.0]: 3
[-116.9,34.2]: 1
[-116.8,32.6]: 1
[-116.8,32.7]: 5
[-116.8,32.8]: 16
[-116.8,32.9]: 5
[-116.8,33.0]: 3
[-116.8,33.7]: 21
[-116.8,33.9]: 31
[-116.8,34.0]: 1
[-116.8,34.2]: 4
[-116.8,34.4]: 1
[-116.8,34.5]: 1
[-116.8,35.5]: 1
[-116.7,32.8]: 41
[-116.7,32.9]: 1
[-116.7,33.0]: 10
[-116.7,33.7]: 2
[-116.7,33.9]: 1
[-116.7,34.4]: 1
[-116.7,35.2]: 28
[-116.6,33.8]: 1
[-116.6,33.9]: 1
[-116.6,34.4]: 1
[-116.6,35.2]: 43
[-116.5,33.1]: 1
[-116.5,33.2]: 1
[-116.5,33.3]: 1
[-116.5,33.8]: 24
[-116.5,33.9]: 5
[-116.5,34.3]: 1
[-116.5,36.2]: 1
[-116.4,32.7]: 1
[-116.4,33.7]: 11
[-116.4,33.8]: 20
[-116.4,33.9]: 12
[-116.4,34.1]: 2
[-116.3,32.6]: 2
[-116.3,32.7]: 1
[-116.3,32.8]: 1
[-116.3,33.6]: 15
[-116.3,33.7]: 135
[-116.3,33.8]: 2
[-116.3,34.2]: 1
[-116.2,32.6]: 1
[-116.2,33.6]: 79
[-116.2,33.7]: 244
[-116.2,34.1]: 2
[-116.2,34.2]: 1
[-116.1,33.0]: 1
[-116.1,33.1]: 1
[-116.1,33.5]: 39
[-116.1,33.6]: 160
[-116.1,33.7]: 4
[-116.1,33.8]: 1
[-116.1,34.1]: 1
[-116.1,35.8]: 1
[-116.0,33.3]: 1
[-116.0,33.5]: 43
[-116.0,34.1]: 3
[-116.0,34.2]: 31
[-115.9,32.7]: 1
[-115.9,33.2]: 1
[-115.9,33.3]: 1
[-115.9,33.5]: 1
[-115.9,35.1]: 1
[-115.9,35.9]: 1
[-115.8,34.1]: 1
[-115.8,35.9]: 1
[-115.7,32.7]: 4
[-115.7,32.8]: 56
[-115.6,33.0]: 1
[-115.6,33.4]: 1
[-115.5,32.7]: 41
[-115.5,32.8]: 23
[-115.5,32.9]: 41
[-115.5,33.2]: 1
[-115.4,32.6]: 20
[-115.4,32.7]: 3
[-115.4,32.8]: 2
[-115.4,33.1]: 60
[-115.4,34.9]: 1
[-115.3,32.7]: 1
[-115.3,32.8]: 11
[-115.2,33.0]: 1
[-115.2,35.2]: 1
[-115.1,34.0]: 1
[-115.1,34.6]: 1
[-115.1,35.0]: 1
[-114.9,33.5]: 130
[-114.8,34.6]: 1
[-114.7,33.5]: 1
[-114.6,33.2]: 1
[-114.6,33.5]: 1
[-114.5,32.7]: 1
[-114.5,32.8]: 1
[-114.5,33.0]: 1
[-114.5,33.6]: 3
[-114.5,34.1]: 1
[-114.4,34.0]: 1
[-114.4,34.1]: 1

python q2.py 0.01
5208801
5434574
5588701
5977884
6068815
7280021
7568906
8423018

python q2.py 0.5
5208801

python q3.py 3.5 10
Apartments 1
Buiding 3
Building 3
Engine_house 2
FIXME: Business 3
FIXME: Unknown 9
Structure added, not on data, appears on satellite imagery 1
Tower 3
USU 1
apartments 89106
arena 1
barn 37
boathouse 2
bridge 8
building 3
bunker 20
cabin 10
carport 164
chapel 10
church 176
civic 81
collapsed 1
college 236
commercial 17006
commercial;house 1
commercial;yes 1
construction 57
convenience 1
convent 1
data_center 2
demolished 9
detached 140
distributor 3
dormitory 37
factory 475
farm 1
farm_auxiliary 314
feed barn 2
field 1
fire station 1
fire_station 1
garage 3321
garages 405
garbage_shed 1
grandstand 4
greenhouse 166
guardhouse 2
hangar 48
hanger 3
hospital 394
hotel 1242
house 879057
house; commercial 1
hut 34
industrial 16294
kindergarten 41
mall 7
manufacture 8
military 1
mortuary 2
mosque 1
motel 3
museum 8
no 14
office 44
paddock 1
parking 90
public 85
residential 153282
retail 18365
roof 1482
ruins 29
school 3575
service 30
shed 901
shedm 1
shelter 4
shipping_container 3
stable 125
stadium 7
static_caravan 160
storage_tank 53
studio 2
synagogue 2
tank 1
temple 1
terrace 89
toilets 5
tower 3
train_station 6
transportation 5
tunnel 3
university 185
warehouse 5823
yes 195187


python q3.py 4.5 30
Apartments 1
FIXME: Business 5
FIXME: Unknown 1
Herrick_Memorial_Chapel 1
Long_Beach_Public_Library 1
Los_Angeles_County_Public_Library 1
Motel 2
Structure added, not on data, appears on satellite imagery 1
added building based on aerial images 3
apartmenta 1
apartments 172615
barn 11
bridge 5
bungalow 1
bunker 2
cabin 20
carport 270
cathedral 1
chapel 13
church 139
cistern 3
civic 290
club_house 2
clubhouse 3
college 426
commercial 29043
commerical 1
construction 61
container 1
control_tower 1
convenience 1
detached 599
dormitory 44
factory 710
farm_auxiliary 491
fidelity 1
field 1
fire station 1
fire_station 5
garage 4851
garages 741
gate 1
gatehouse 2
gazebo 4
government 2
grandstand 35
greenhouse 282
guardhouse 7
hangar 35
hospital 933
hotel 1993
house 1259262
house;yes 1
hut 16
industrial 26106
kindergarten 75
library 1
mall 7
manufacture 2
motel 2
museum 10
no 12
office 51
parking 184
pavilion 1
poolhouse 3
prison 9
proposed 2
public 51
public_building 1
repair_shops 1
residential 243289
residential;house 1
restroom 1
retail 33365
retail;apartments 1
retail;residential 2
roof 1522
ruins 67
s 1
school 6671
service 2
shed 1559
shelter 5
skyway 1
sports 1
sports_centre 1
stable 51
stadium 10
static_caravan 204
storage_tank 41
studio 2
synagogue 3
tank 3
temple 1
terrace 59
toilets 7
toll_booth 4
tower 18
train_station 7
transportation 9
tunnel 3
university 203
vacant 2
warehouse 13282
yes 131974
yes;apartments 3
yes;grandstand 1

python q4.py -117.6075 35.914 '2020-09-22T18:00:00.000Z'
8216201 2020-09-22 17:00:00 5655116
8216202 2020-09-22 18:00:00 5655116
8216203 2020-09-22 19:00:00 5655116

python q4.py -117.3649 34.6842 '2020-09-22T04:00:00.000Z'
8098251 2020-09-22 03:00:00 5591811
8098252 2020-09-22 04:00:00 5591811
8098253 2020-09-22 05:00:00 5591811
8160747 2020-09-22 03:00:00 6002727
8160748 2020-09-22 04:00:00 6002727
8160749 2020-09-22 05:00:00 6002727
8305227 2020-09-22 03:00:00 6557739
8305228 2020-09-22 04:00:00 6002727
8305229 2020-09-22 05:00:00 6002727
8348571 2020-09-22 03:00:00 6557739
8348572 2020-09-22 04:00:00 6557739
8348573 2020-09-22 05:00:00 6557739